TRAINING:
	 Accuracy = 0.9512195121951219
	 IOU = 0.5165166329856288
TESTING:
	 Accuracy = 0.875
	 IOU = 0.47967154657211175
