TRAINING:
	 Accuracy = 0.9365853658536586
	 IOU = 0.6984391281243626
TESTING:
	 Accuracy = 0.8611111111111112
	 IOU = 0.6577602359036003
