TRAINING:
	 Accuracy = 0.8878048780487805
	 IOU = 0.6177345733383086
TESTING:
	 Accuracy = 0.8333333333333334
	 IOU = 0.5851420441795004
