TRAINING:
	 Accuracy = 0.8439024390243902
	 IOU = 0.5269317777940108
TESTING:
	 Accuracy = 0.8055555555555556
	 IOU = 0.511275428478867
