TRAINING:
	 Accuracy = 0.751219512195122
	 IOU = 0.5088400993393357
TESTING:
	 Accuracy = 0.6944444444444444
	 IOU = 0.49098433471353675
