TRAINING:
	 Accuracy = 0.7609756097560976
	 IOU = 0.5254178121953793
TESTING:
	 Accuracy = 0.7083333333333334
	 IOU = 0.5102738575143987
